N 100

1
34
40
70
76
86
2
77
56
76
87
84
90
73
12
92
17
97
3
81
35
73
54
75
63
86
24
27
66
50
52
94
45
24
76
17
42
28
48
82
95
100
62
67
53
94
71
41
44
12
46
52
13
45
97
65
38
79
39
51
1
69
56
51
93
19
11
35
63
71
42
57
70
43
5
94
12
77
7
3
96
88
30
44
84
20
35
60
25
11
52
90
69
75
63
81
20
88
85
95

B
Q
M

C

N 200

81
49
28
86
81
18
64
41
96
91
12
37
72
11
34
63
31
4
76
15
45
42
46
81
35
88
48
7
85
89
68
49
8
92
81
20
93
87
75
60
93
82
17
14
60
80
92
92
37
14
83
57
86
60
20
94
20
11
30
14
80
91
92
24
84
62
88
68
79
43
98
1
10
38
65
53
91
64
100
26
24
20
63
14
20
9
72
52
30
54
22
45
27
25
71
71
67
71
97
89
75
85
23
11
100
100
45
14
45
72
23
24
9
52
4
60
47
49
7
60
44
49
75
67
70
34
25
56
23
53
71
8
56
94
52
63
41
35
71
40
75
22
57
82
25
51
18
10
95
6
87
46
38
68
43
66
75
91
31
47
61
46
37
30
90
78
99
48
48
74
92
44
83
60
77
90
95
61
12
45
94
72
74
79
10
41
13
14
6
37
85
31
13
76
79
53
84
64
58
13

B
Q
M

C

N 300

63
42
87
37
91
97
6
76
46
52
19
95
49
47
12
70
54
72
56
71
57
6
32
34
92
28
44
3
3
18
74
16
78
17
71
41
4
60
10
11
78
4
62
57
25
45
93
25
17
73
87
38
16
48
79
61
31
99
79
39
19
82
81
15
63
54
11
75
78
19
62
1
3
99
23
55
28
9
44
29
28
49
27
45
9
95
1
24
55
7
3
15
66
26
95
85
53
12
22
59
69
29
65
76
57
50
76
65
74
27
61
71
81
60
98
35
49
56
15
15
96
29
5
48
19
61
1
45
90
22
23
28
96
99
1
29
3
52
100
85
91
40
12
78
100
23
74
26
74
10
94
29
45
44
76
25
36
46
73
50
18
16
64
28
31
12
48
7
49
98
85
19
9
64
7
97
83
79
48
42
34
31
81
54
6
76
92
75
53
72
19
8
32
29
97
68
86
68
45
98
94
100
96
24
83
32
51
97
43
90
75
39
43
36
94
17
46
98
32
77
89
37
94
70
8
84
61
26
15
56
14
52
84
23
75
59
61
26
30
52
60
83
76
55
41
68
28
52
42
28
79
36
8
23
34
46
95
30
38
28
86
68
74
35
4
20
50
52
20
35
43
17
7
52
48
57
45
59
73
96
40
25
34
63
91
26
99
83
38
94
13
57
57
66
12
73
73
6
14
87

B
Q
M

C